N_shot:5

mode1
   epoch1
       past:
           top1:0, 0.978571, 0.961429, 0.957143, 0.961071, 0.955143, 0.941905, 0.927755, 0.912857, 0.912063
           top20, 0.988571, 0.976429, 0.976667, 0.978571, 0.976571, 0.968095, 0.956531, 0.95125, 0.950635
           top50, 0.995714, 0.989286, 0.989524, 0.99, 0.987143, 0.981667, 0.973878, 0.972321, 0.971905
       current:
           top1:0.985714, 0.948571, 0.972857, 0.978571, 0.975714, 0.921429, 0.904286, 0.848571, 0.915714, 0.924286
           top20.994286, 0.972857, 0.985714, 0.988571, 0.984286, 0.945714, 0.92, 0.931429, 0.948571, 0.938571
           top50.997143, 0.99, 0.991429, 0.995714, 0.987143, 0.967143, 0.941429, 0.974286, 0.977143, 0.954286   epoch2
       past:
           top1:0, 0.952857, 0.955, 0.948571, 0.933214, 0.922857, 0.912857, 0.906327, 0.910714, 0.913651
           top20, 0.985714, 0.981429, 0.979524, 0.9725, 0.965429, 0.957143, 0.949592, 0.950714, 0.950794
           top50, 0.995714, 0.995, 0.992857, 0.988571, 0.982, 0.97619, 0.971429, 0.971607, 0.971587
       current:
           top1:0.962857, 0.964286, 0.97, 0.915714, 0.911429, 0.884286, 0.902857, 0.957143, 0.951429, 0.89
           top20.994286, 0.987143, 0.988571, 0.972857, 0.951429, 0.932857, 0.938571, 0.981429, 0.971429, 0.924286
           top51.0, 0.995714, 0.995714, 0.984286, 0.965714, 0.96, 0.97, 0.988571, 0.984286, 0.952857   epoch3
       past:
           top1:0, 0.978571, 0.973571, 0.955238, 0.9525, 0.936857, 0.930476, 0.918367, 0.9075, 0.908413
           top20, 0.982857, 0.986429, 0.978095, 0.976786, 0.964, 0.962381, 0.954694, 0.950714, 0.949683
           top50, 0.991429, 0.992857, 0.990476, 0.988214, 0.982857, 0.979762, 0.97551, 0.974286, 0.973968
       current:
           top1:0.982857, 0.984286, 0.935714, 0.96, 0.924286, 0.951429, 0.894286, 0.898571, 0.955714, 0.885714
           top20.985714, 0.994286, 0.972857, 0.982857, 0.94, 0.971429, 0.94, 0.952857, 0.982857, 0.947143
           top50.994286, 0.998571, 0.992857, 0.987143, 0.975714, 0.984286, 0.967143, 0.978571, 0.99, 0.978571   epoch4
       past:
           top1:0, 0.977143, 0.965714, 0.962857, 0.943214, 0.947429, 0.938095, 0.935918, 0.930893, 0.925714
           top20, 0.985714, 0.987143, 0.984286, 0.969643, 0.969714, 0.962857, 0.962041, 0.960714, 0.960952
           top50, 0.992857, 0.994286, 0.992857, 0.979643, 0.979714, 0.977857, 0.978163, 0.977857, 0.978571
       current:
           top1:0.987143, 0.978571, 0.965714, 0.918571, 0.975714, 0.921429, 0.951429, 0.927143, 0.897143, 0.892857
           top20.99, 0.991429, 0.987143, 0.937143, 0.978571, 0.948571, 0.975714, 0.965714, 0.972857, 0.925714
           top50.995714, 0.998571, 0.992857, 0.945714, 0.988571, 0.971429, 0.981429, 0.982857, 0.994286, 0.95   epoch5
       past:
           top1:0, 0.947143, 0.95, 0.931429, 0.926071, 0.93, 0.926667, 0.920204, 0.915714, 0.901587
           top20, 0.972857, 0.975714, 0.962381, 0.957143, 0.960571, 0.959762, 0.954694, 0.952143, 0.945873
           top50, 0.991429, 0.985714, 0.975714, 0.975714, 0.975429, 0.97619, 0.973469, 0.971607, 0.969048
       current:
           top1:0.957143, 0.98, 0.904286, 0.951429, 0.957143, 0.942857, 0.918571, 0.928571, 0.808571, 0.925714
           top20.98, 0.987143, 0.954286, 0.977143, 0.984286, 0.971429, 0.954286, 0.965714, 0.911429, 0.954286
           top50.994286, 0.988571, 0.974286, 0.99, 0.99, 0.988571, 0.967143, 0.982857, 0.957143, 0.965714   epoch6
       past:
           top1:0, 0.964286, 0.958571, 0.951905, 0.948571, 0.941143, 0.929048, 0.926122, 0.9175, 0.902063
           top20, 0.984286, 0.984286, 0.979048, 0.971429, 0.966286, 0.957381, 0.956735, 0.951786, 0.94619
           top50, 0.995714, 0.992857, 0.992381, 0.983929, 0.981429, 0.976429, 0.975102, 0.971964, 0.969365
       current:
           top1:0.982857, 0.978571, 0.95, 0.945714, 0.931429, 0.885714, 0.932857, 0.915714, 0.822857, 0.917143
           top20.994286, 0.992857, 0.98, 0.955714, 0.952857, 0.932857, 0.962857, 0.947143, 0.921429, 0.942857
           top50.997143, 0.997143, 0.997143, 0.967143, 0.975714, 0.964286, 0.98, 0.964286, 0.964286, 0.961429   epoch7
       past:
           top1:0, 0.948571, 0.963571, 0.962381, 0.957857, 0.955143, 0.947143, 0.937755, 0.922857, 0.90619
           top20, 0.975714, 0.979286, 0.97619, 0.973929, 0.976571, 0.969048, 0.964082, 0.955179, 0.945556
           top50, 0.99, 0.99, 0.987619, 0.986786, 0.986571, 0.982143, 0.978367, 0.976964, 0.96873
       current:
           top1:0.962857, 0.987143, 0.964286, 0.957143, 0.977143, 0.917143, 0.921429, 0.858571, 0.825714, 0.92
           top20.984286, 0.992857, 0.984286, 0.98, 0.994286, 0.941429, 0.944286, 0.91, 0.892857, 0.952857
           top50.995714, 0.994286, 0.995714, 0.994286, 0.997143, 0.968571, 0.96, 0.975714, 0.922857, 0.977143   epoch8
       past:
           top1:0, 0.977143, 0.965714, 0.957619, 0.941071, 0.923714, 0.905476, 0.89898, 0.899643, 0.902698
           top20, 0.985714, 0.983571, 0.979048, 0.971786, 0.970286, 0.955952, 0.946735, 0.945536, 0.94619
           top50, 0.998571, 0.992857, 0.990476, 0.9875, 0.987143, 0.979286, 0.970612, 0.9725, 0.97254
       current:
           top1:0.978571, 0.975714, 0.951429, 0.951429, 0.9, 0.851429, 0.894286, 0.944286, 0.967143, 0.941429
           top20.987143, 0.997143, 0.982857, 0.974286, 0.98, 0.904286, 0.924286, 0.982857, 0.981429, 0.967143
           top51.0, 0.997143, 0.992857, 0.99, 0.997143, 0.955714, 0.942857, 0.998571, 0.991429, 0.981429   epoch9
       past:
           top1:0, 0.955714, 0.932857, 0.940952, 0.943929, 0.929429, 0.926905, 0.928776, 0.929464, 0.918095
           top20, 0.975714, 0.957857, 0.965238, 0.966429, 0.958286, 0.958095, 0.959796, 0.95875, 0.951746
           top50, 0.984286, 0.978571, 0.980476, 0.980357, 0.975143, 0.974048, 0.97551, 0.97625, 0.970952
       current:
           top1:0.972857, 0.921429, 0.971429, 0.975714, 0.91, 0.955714, 0.965714, 0.964286, 0.852857, 0.908571
           top20.988571, 0.955714, 0.987143, 0.981429, 0.938571, 0.972857, 0.984286, 0.978571, 0.92, 0.954286
           top50.997143, 0.982857, 0.994286, 0.992857, 0.97, 0.988571, 0.995714, 0.985714, 0.945714, 0.977143   epoch10
       past:
           top1:0, 0.978571, 0.945, 0.928095, 0.927143, 0.929429, 0.928333, 0.916531, 0.914643, 0.90873
           top20, 0.988571, 0.963571, 0.965714, 0.967857, 0.967143, 0.961429, 0.953878, 0.952857, 0.94619
           top50, 0.997143, 0.989286, 0.985714, 0.986429, 0.985714, 0.980952, 0.977347, 0.975714, 0.971746
       current:
           top1:0.991429, 0.927143, 0.955714, 0.945714, 0.98, 0.94, 0.897143, 0.924286, 0.881429, 0.884286
           top20.997143, 0.957143, 0.982857, 0.988571, 0.985714, 0.952857, 0.944286, 0.962857, 0.922857, 0.937143
           top51.0, 0.988571, 0.991429, 0.995714, 0.992857, 0.968571, 0.968571, 0.981429, 0.951429, 0.957143
mode2
   epoch1
       past:
           top1:0, 0.932857, 0.945714, 0.929048, 0.917857, 0.919714, 0.919048, 0.916735, 0.917679, 0.914603
           top20, 0.958571, 0.962857, 0.95619, 0.948571, 0.946286, 0.949048, 0.950408, 0.95375, 0.950159
           top50, 0.97, 0.979286, 0.981905, 0.976071, 0.972857, 0.972381, 0.971633, 0.972857, 0.971587
       current:
           top1:0.941429, 0.972857, 0.92, 0.894286, 0.942857, 0.957143, 0.964286, 0.945714, 0.905714, 0.901429
           top20.97, 0.988571, 0.965714, 0.944286, 0.96, 0.978571, 0.972857, 0.982857, 0.931429, 0.942857
           top50.981429, 0.997143, 0.995714, 0.97, 0.978571, 0.992857, 0.984286, 0.992857, 0.975714, 0.957143   epoch2
       past:
           top1:0, 0.947143, 0.937857, 0.948095, 0.946786, 0.938571, 0.926905, 0.915306, 0.907857, 0.906984
           top20, 0.967143, 0.958571, 0.964762, 0.963929, 0.963143, 0.957857, 0.951837, 0.943929, 0.945397
           top50, 0.985714, 0.982143, 0.981905, 0.978929, 0.979429, 0.976667, 0.973469, 0.968036, 0.967937
       current:
           top1:0.951429, 0.945714, 0.977143, 0.962857, 0.962857, 0.912857, 0.872857, 0.878571, 0.945714, 0.95
           top20.978571, 0.961429, 0.984286, 0.972857, 0.977143, 0.967143, 0.927143, 0.914286, 0.965714, 0.972857
           top50.992857, 0.984286, 0.987143, 0.982857, 0.988571, 0.984286, 0.962857, 0.954286, 0.977143, 0.985714   epoch3
       past:
           top1:0, 0.958571, 0.958571, 0.933333, 0.931071, 0.929429, 0.924286, 0.911633, 0.910179, 0.910159
           top20, 0.985714, 0.985, 0.978571, 0.970714, 0.964857, 0.956667, 0.952653, 0.951607, 0.950635
           top50, 0.998571, 0.998571, 0.99619, 0.991071, 0.985714, 0.979524, 0.975918, 0.975357, 0.975714
       current:
           top1:0.964286, 0.985714, 0.914286, 0.947143, 0.932857, 0.912857, 0.872857, 0.922857, 0.955714, 0.87
           top20.991429, 0.998571, 0.971429, 0.962857, 0.95, 0.934286, 0.942857, 0.955714, 0.984286, 0.938571
           top50.998571, 1.0, 0.991429, 0.978571, 0.968571, 0.951429, 0.97, 0.981429, 0.995714, 0.962857   epoch4
       past:
           top1:0, 0.982857, 0.948571, 0.953333, 0.9525, 0.947714, 0.933333, 0.927551, 0.930357, 0.924762
           top20, 0.991429, 0.962143, 0.966667, 0.967143, 0.967143, 0.962619, 0.960408, 0.960536, 0.958889
           top50, 0.997143, 0.967143, 0.974762, 0.975, 0.977143, 0.977619, 0.976327, 0.976429, 0.975873
       current:
           top1:0.99, 0.937143, 0.975714, 0.958571, 0.951429, 0.874286, 0.915714, 0.96, 0.915714, 0.901429
           top20.995714, 0.94, 0.984286, 0.977143, 0.975714, 0.95, 0.954286, 0.975714, 0.955714, 0.944286
           top50.997143, 0.944286, 0.995714, 0.982857, 0.992857, 0.984286, 0.974286, 0.988571, 0.977143, 0.974286   epoch5
       past:
           top1:0, 0.99, 0.966429, 0.963333, 0.950714, 0.944, 0.940714, 0.930612, 0.925893, 0.919683
           top20, 0.998571, 0.982143, 0.981905, 0.973571, 0.968571, 0.96619, 0.962041, 0.956786, 0.955397
           top50, 0.998571, 0.995714, 0.993333, 0.985357, 0.981714, 0.979048, 0.976531, 0.975536, 0.973968
       current:
           top1:0.994286, 0.96, 0.967143, 0.942857, 0.951429, 0.945714, 0.898571, 0.914286, 0.914286, 0.762857
           top20.998571, 0.98, 0.985714, 0.954286, 0.968571, 0.962857, 0.952857, 0.947143, 0.961429, 0.868571
           top50.998571, 0.997143, 0.997143, 0.971429, 0.977143, 0.974286, 0.977143, 0.978571, 0.972857, 0.921429   epoch6
       past:
           top1:0, 0.93, 0.94, 0.931905, 0.933929, 0.929714, 0.930476, 0.922653, 0.914643, 0.904603
           top20, 0.954286, 0.958571, 0.95381, 0.956786, 0.952571, 0.954048, 0.950612, 0.9475, 0.944921
           top50, 0.984286, 0.975714, 0.971905, 0.972143, 0.969429, 0.970952, 0.969184, 0.968214, 0.96746
       current:
           top1:0.938571, 0.97, 0.93, 0.962857, 0.92, 0.954286, 0.898571, 0.885714, 0.914286, 0.894286
           top20.957143, 0.981429, 0.954286, 0.975714, 0.941429, 0.98, 0.942857, 0.94, 0.95, 0.954286
           top50.995714, 0.988571, 0.974286, 0.981429, 0.964286, 0.985714, 0.98, 0.97, 0.97, 0.978571   epoch7
       past:
           top1:0, 0.958571, 0.923571, 0.930476, 0.935, 0.938571, 0.927857, 0.916735, 0.916429, 0.908254
           top20, 0.977143, 0.960714, 0.954762, 0.959643, 0.962857, 0.959048, 0.94898, 0.948214, 0.942857
           top50, 0.988571, 0.977857, 0.980476, 0.981786, 0.982286, 0.979762, 0.972857, 0.9725, 0.967143
       current:
           top1:0.974286, 0.902857, 0.98, 0.967143, 0.972857, 0.922857, 0.877143, 0.948571, 0.898571, 0.901429
           top20.984286, 0.952857, 0.985714, 0.987143, 0.982857, 0.955714, 0.91, 0.965714, 0.93, 0.977143
           top50.995714, 0.982857, 0.997143, 0.995714, 0.991429, 0.975714, 0.941429, 0.981429, 0.95, 0.991429   epoch8
       past:
           top1:0, 0.94, 0.949286, 0.94381, 0.934286, 0.913714, 0.915238, 0.900612, 0.898036, 0.900635
           top20, 0.968571, 0.976429, 0.972381, 0.964286, 0.955143, 0.956905, 0.947347, 0.945536, 0.945079
           top50, 0.971429, 0.984286, 0.986667, 0.985, 0.979714, 0.978571, 0.972449, 0.971607, 0.972381
       current:
           top1:0.962857, 0.98, 0.965714, 0.948571, 0.871429, 0.971429, 0.884286, 0.922857, 0.964286, 0.96
           top20.972857, 0.992857, 0.98, 0.972857, 0.928571, 0.987143, 0.931429, 0.967143, 0.98, 0.977143
           top50.977143, 1.0, 0.995714, 0.997143, 0.972857, 0.988571, 0.967143, 0.98, 0.991429, 0.982857   epoch9
       past:
           top1:0, 0.978571, 0.970714, 0.95619, 0.945714, 0.930286, 0.927381, 0.914694, 0.913036, 0.913175
           top20, 0.99, 0.984286, 0.977143, 0.966786, 0.956286, 0.955952, 0.95, 0.951071, 0.950159
           top50, 0.998571, 0.997143, 0.988095, 0.983571, 0.974, 0.974762, 0.97102, 0.972143, 0.970952
       current:
           top1:0.991429, 0.977143, 0.947143, 0.927143, 0.892857, 0.955714, 0.878571, 0.921429, 0.938571, 0.952857
           top20.995714, 0.987143, 0.968571, 0.954286, 0.928571, 0.985714, 0.935714, 0.974286, 0.961429, 0.968571
           top51.0, 0.998571, 0.984286, 0.978571, 0.945714, 0.992857, 0.965714, 0.988571, 0.971429, 0.977143   epoch10
       past:
           top1:0, 0.968571, 0.975, 0.964762, 0.953571, 0.95, 0.950238, 0.947959, 0.917679, 0.909841
           top20, 0.985714, 0.988571, 0.983333, 0.976429, 0.974857, 0.974048, 0.972449, 0.955357, 0.949841
           top50, 0.998571, 0.997143, 0.991905, 0.988214, 0.989429, 0.989048, 0.98898, 0.978036, 0.974286
       current:
           top1:0.982857, 0.988571, 0.977143, 0.937143, 0.954286, 0.967143, 0.968571, 0.772857, 0.894286, 0.874286
           top20.988571, 0.997143, 0.988571, 0.962857, 0.982857, 0.98, 0.985714, 0.867143, 0.94, 0.904286
           top50.998571, 1.0, 0.99, 0.982857, 0.995714, 0.988571, 0.995714, 0.917143, 0.965714, 0.934286
mode3
   epoch1
       past:
           top1:0, 0.56, 0.639286, 0.559524, 0.539286, 0.521143, 0.496905, 0.492449, 0.475714, 0.485397
           top20, 0.911429, 0.889286, 0.841429, 0.822857, 0.816571, 0.807857, 0.805918, 0.799464, 0.800794
           top50, 0.975714, 0.975714, 0.978571, 0.975, 0.970286, 0.966905, 0.967959, 0.96, 0.962222
       current:
           top1:0.624286, 0.781429, 0.531429, 0.521429, 0.54, 0.43, 0.527143, 0.524286, 0.63, 0.48
           top20.955714, 0.93, 0.811429, 0.852857, 0.851429, 0.81, 0.824286, 0.847143, 0.892857, 0.802857
           top50.982857, 0.988571, 0.987143, 0.98, 0.968571, 0.958571, 0.984286, 0.925714, 0.991429, 0.94   epoch2
       past:
           top1:0, 0.742857, 0.555714, 0.593333, 0.553214, 0.549429, 0.53119, 0.535918, 0.509821, 0.506349
           top20, 0.947143, 0.851429, 0.84381, 0.8075, 0.816, 0.820714, 0.809796, 0.796429, 0.798571
           top50, 0.991429, 0.979286, 0.971905, 0.966429, 0.968571, 0.965952, 0.964694, 0.963393, 0.962222
       current:
           top1:0.761429, 0.454286, 0.701429, 0.492857, 0.63, 0.494286, 0.634286, 0.421429, 0.538571, 0.552857
           top20.985714, 0.822857, 0.91, 0.761429, 0.907143, 0.887143, 0.892857, 0.807143, 0.872857, 0.877143
           top50.994286, 0.98, 0.98, 0.965714, 0.99, 0.965714, 0.977143, 0.98, 0.97, 0.981429   epoch3
       past:
           top1:0, 0.742857, 0.726429, 0.627143, 0.609643, 0.572286, 0.553095, 0.546327, 0.51, 0.502222
           top20, 0.957143, 0.935, 0.909524, 0.882143, 0.866571, 0.85381, 0.838367, 0.815, 0.812381
           top50, 0.978571, 0.982857, 0.984762, 0.981071, 0.978857, 0.974286, 0.972041, 0.9675, 0.968571
       current:
           top1:0.797143, 0.8, 0.568571, 0.618571, 0.51, 0.56, 0.56, 0.387143, 0.551429, 0.562857
           top20.975714, 0.951429, 0.93, 0.865714, 0.864286, 0.835714, 0.85, 0.745714, 0.85, 0.865714
           top50.987143, 0.988571, 0.994286, 0.981429, 0.972857, 0.954286, 0.961429, 0.95, 0.987143, 0.985714   epoch4
       past:
           top1:0, 0.76, 0.627857, 0.612381, 0.576786, 0.557143, 0.514286, 0.500204, 0.493571, 0.478254
           top20, 0.932857, 0.894286, 0.887143, 0.863214, 0.850571, 0.829286, 0.827959, 0.815714, 0.811746
           top50, 0.988571, 0.985, 0.985238, 0.985, 0.973429, 0.97119, 0.970408, 0.968929, 0.969524
       current:
           top1:0.825714, 0.594286, 0.654286, 0.485714, 0.557143, 0.405714, 0.495714, 0.604286, 0.44, 0.498571
           top20.975714, 0.921429, 0.888571, 0.868571, 0.841429, 0.812857, 0.897143, 0.832857, 0.835714, 0.841429
           top50.994286, 0.988571, 0.99, 0.992857, 0.93, 0.98, 0.982857, 0.975714, 0.985714, 0.945714   epoch5
       past:
           top1:0, 0.697143, 0.596429, 0.55619, 0.557143, 0.544857, 0.540952, 0.537959, 0.528036, 0.519206
           top20, 0.97, 0.929286, 0.900476, 0.875357, 0.868286, 0.857619, 0.845306, 0.831071, 0.816349
           top50, 0.995714, 0.991429, 0.983333, 0.973929, 0.973429, 0.969762, 0.966735, 0.965357, 0.962063
       current:
           top1:0.768571, 0.571429, 0.555714, 0.685714, 0.607143, 0.565714, 0.64, 0.517143, 0.534286, 0.494286
           top20.988571, 0.921429, 0.917143, 0.887143, 0.915714, 0.881429, 0.881429, 0.788571, 0.791429, 0.817143
           top50.997143, 0.992857, 0.974286, 0.975714, 0.985714, 0.974286, 0.965714, 0.965714, 0.957143, 0.95   epoch6
       past:
           top1:0, 0.611429, 0.642857, 0.660952, 0.598214, 0.564, 0.544048, 0.529388, 0.506964, 0.48381
           top20, 0.871429, 0.88, 0.89619, 0.880357, 0.865714, 0.851429, 0.846327, 0.834107, 0.818571
           top50, 0.987143, 0.986429, 0.98381, 0.981786, 0.978286, 0.975, 0.97449, 0.969821, 0.964286
       current:
           top1:0.69, 0.728571, 0.751429, 0.575714, 0.488571, 0.51, 0.571429, 0.445714, 0.418571, 0.397143
           top20.9, 0.901429, 0.958571, 0.927143, 0.838571, 0.858571, 0.867143, 0.858571, 0.735714, 0.758571
           top50.995714, 0.994286, 0.991429, 0.992857, 0.97, 0.981429, 0.995714, 0.958571, 0.932857, 0.927143   epoch7
       past:
           top1:0, 0.707143, 0.638571, 0.530476, 0.518214, 0.524286, 0.55381, 0.512245, 0.510357, 0.502857
           top20, 0.951429, 0.917143, 0.882857, 0.85, 0.847429, 0.845952, 0.817959, 0.816071, 0.813968
           top50, 0.988571, 0.982143, 0.983333, 0.966429, 0.967714, 0.968571, 0.961837, 0.962321, 0.960476
       current:
           top1:0.834286, 0.641429, 0.381429, 0.582857, 0.608571, 0.728571, 0.305714, 0.541429, 0.56, 0.454286
           top20.982857, 0.941429, 0.872857, 0.814286, 0.864286, 0.917143, 0.7, 0.862857, 0.821429, 0.788571
           top50.994286, 0.98, 0.992857, 0.942857, 0.977143, 0.981429, 0.927143, 0.977143, 0.962857, 0.965714   epoch8
       past:
           top1:0, 0.31, 0.427857, 0.459524, 0.469643, 0.504571, 0.488571, 0.465918, 0.470179, 0.458571
           top20, 0.811429, 0.805, 0.827143, 0.841071, 0.833714, 0.80619, 0.795918, 0.797857, 0.786349
           top50, 0.978571, 0.977857, 0.980952, 0.978929, 0.979429, 0.975476, 0.971633, 0.96875, 0.965079
       current:
           top1:0.39, 0.605714, 0.548571, 0.578571, 0.691429, 0.41, 0.408571, 0.64, 0.468571, 0.621429
           top20.882857, 0.861429, 0.922857, 0.895714, 0.864286, 0.771429, 0.785714, 0.878571, 0.784286, 0.882857
           top50.987143, 0.988571, 0.992857, 0.985714, 0.987143, 0.964286, 0.961429, 0.96, 0.95, 0.977143   epoch9
       past:
           top1:0, 0.674286, 0.615714, 0.595238, 0.575, 0.562571, 0.544286, 0.511837, 0.510714, 0.499841
           top20, 0.935714, 0.925, 0.899524, 0.876071, 0.858857, 0.840238, 0.822245, 0.825179, 0.822063
           top50, 0.991429, 0.978571, 0.981429, 0.973929, 0.975143, 0.972143, 0.97, 0.969107, 0.96873
       current:
           top1:0.712857, 0.682857, 0.68, 0.611429, 0.552857, 0.581429, 0.411429, 0.582857, 0.451429, 0.414286
           top20.952857, 0.957143, 0.92, 0.878571, 0.834286, 0.875714, 0.782857, 0.917143, 0.811429, 0.857143
           top50.995714, 0.977143, 0.994286, 0.974286, 0.985714, 0.982857, 0.975714, 0.987143, 0.981429, 0.961429   epoch10
       past:
           top1:0, 0.714286, 0.657143, 0.602381, 0.574286, 0.550857, 0.525476, 0.518571, 0.504286, 0.489683
           top20, 0.955714, 0.934286, 0.895714, 0.868571, 0.866, 0.852857, 0.842857, 0.826607, 0.810476
           top50, 0.991429, 0.985, 0.979048, 0.973929, 0.972857, 0.97, 0.969796, 0.965, 0.962063
       current:
           top1:0.737143, 0.655714, 0.6, 0.644286, 0.558571, 0.485714, 0.565714, 0.474286, 0.442857, 0.458571
           top20.975714, 0.945714, 0.882857, 0.861429, 0.917143, 0.85, 0.875714, 0.791429, 0.78, 0.758571
           top50.994286, 0.984286, 0.972857, 0.975714, 0.984286, 0.968571, 0.987143, 0.951429, 0.954286, 0.971429